0.044,
0.047,
0.06,
0.062,
0.089,
0.042,
0.039,
0.04,
0.081,
0.015,
0.076,
0.03,
0.034,
0.048,
0.045,
0.032,
0.022,
0.043,
0.083,
0.02,
0.058,
0.024,
0.036,
0.054,
0.052,
0.041,
0.069,
0.079,
0.034,
0.028,
0.081,
0.041,
0.089,
0.024,
0.024,
0.022,
0.049,
0.02,
0.059,
0.097,
0.03,
0.071,
0.036,
0.075,
0.051,
0.032,
0.056,
0.074,
0.066,
0.043,
0.022,
0.043,
0.036,
0.015,
0.05,
0.018,
0.037,
0.069,
0.062,
0.038,
0.068,
0.077,
0.066,
0.043,
0.074,
0.067,
0.052,
0.06,
0.03,
0.052,
0.047,
0.037,
0.044,
0.013,
0.049,
0.026,
0.027,
0.044,
0.017,
0.036,
0.031,
0.037,
0.054,
0.028,
0.033,
0.08,
0.141,
0.027,
0.028,
0.072,
0.037,
0.076,
0.043,
0.051,
0.025,
0.032,
0.026,
0.003,
0.076,
0.053,
0.021,
0.028,
0.027,
0.027,
0.03,
0.076,
0.07,
0.01,
0.07,
0.021,
0.08,
0.066,
0.055,
0.066,
0.035,
0.037,
0.013,
0.026,
0.039,
0.007,
0.061,
0.072,
0.027,
0.028,
0.03,
0.037,
0.029,
0.058,
0.046,
0.056,
0.036,
0.057,
0.119,
0.019,
0.014,
0.076,
0.074,
0.044,
0.022,
0.042,
0.031,
0.066,
0.076,
0.096,
0.054,
0.065,
0.076,
0.03,
0.043,
0.097,
0.094,
0.027,
0.069,
0.037,
0.023,
0.013,
0.113,
0.061,
0.03,
0.012,
0.033,
0.023,
0.039,
0.058,
0.064,
0.047,
0.021,
0.062,
0.083,
0.074,
0.021,
0.088,
0.065,
0.054,
