0.832,
0.775,
0.822,
0.909,
0.869,
0.841,
0.835,
0.851,
0.852,
0.9,
0.776,
0.924,
0.867,
0.898,
0.901,
0.881,
0.859,
0.89,
0.904,
0.772,
0.852,
0.909,
0.859,
0.889,
0.889,
0.849,
0.892,
0.849,
0.892,
0.908,
0.892,
0.899,
0.877,
0.885,
0.849,
0.871,
0.819,
0.823,
0.807,
0.835,
0.778,
0.915,
0.842,
0.857,
0.819,
0.82,
0.793,
0.911,
0.917,
0.867,
0.848,
0.884,
0.857,
0.829,
0.819,
0.9,
0.864,
0.821,
0.893,
0.882,
0.761,
0.849,
0.879,
0.867,
0.876,
0.873,
0.802,
0.839,
0.839,
0.832,
0.825,
0.839,
0.896,
0.836,
0.835,
0.866,
0.875,
0.799,
0.882,
0.863,
0.879,
0.844,
0.88,
0.883,
0.818,
0.846,
0.796,
0.896,
0.851,
0.926,
0.883,
0.911,
0.844,
0.878,
0.852,
0.854,
0.827,
0.89,
0.908,
0.88,
0.842,
0.822,
0.842,
0.914,
0.848,
0.822,
0.85,
0.888,
0.836,
0.897,
0.831,
0.833,
0.831,
0.792,
0.836,
0.844,
0.859,
0.867,
0.796,
0.762,
0.841,
0.844,
0.844,
0.847,
0.919,
0.83,
0.95,
0.88,
0.841,
0.841,
0.889,
0.833,
0.822,
0.885,
0.839,
0.852,
0.887,
0.829,
0.826,
0.804,
0.849,
0.819,
0.865,
0.91,
0.854,
0.854,
0.846,
0.796,
0.887,
0.979,
0.823,
0.909,
0.886,
0.842,
0.914,
0.852,
0.799,
0.859,
0.844,
0.841,
0.845,
0.888,
0.847,
0.865,
0.845,
0.942,
0.905,
0.804,
0.863,
0.829,
0.866,
0.844,
0.874,
0.858,
