0.866,
0.908,
0.891,
0.849,
0.888,
0.86,
0.843,
0.843,
0.857,
0.752,
0.855,
0.786,
0.849,
0.835,
0.846,
0.823,
0.88,
0.83,
0.875,
0.915,
0.837,
0.825,
0.93,
0.829,
0.886,
0.873,
0.819,
0.83,
0.862,
0.889,
0.892,
0.841,
0.856,
0.819,
0.853,
0.905,
0.807,
0.863,
0.851,
0.866,
0.826,
0.833,
0.877,
0.891,
0.85,
0.872,
0.872,
0.87,
0.837,
0.914,
0.833,
0.872,
0.861,
0.912,
0.88,
0.869,
0.831,
0.884,
0.848,
0.835,
0.925,
0.828,
0.838,
0.876,
0.835,
0.876,
0.879,
0.835,
0.829,
0.847,
0.864,
0.87,
0.864,
0.875,
0.901,
0.845,
0.859,
0.857,
0.854,
0.855,
0.88,
0.771,
0.915,
0.86,
0.904,
0.876,
0.85,
0.807,
0.856,
0.885,
0.929,
0.853,
0.837,
0.815,
0.848,
0.881,
0.829,
0.839,
0.847,
0.876,
0.884,
0.855,
0.798,
0.839,
0.863,
0.889,
0.88,
0.868,
0.857,
0.926,
0.828,
0.841,
0.837,
0.782,
0.865,
0.832,
0.807,
0.81,
0.897,
0.833,
0.834,
0.831,
0.845,
0.825,
0.833,
0.915,
0.817,
0.835,
0.868,
0.893,
0.88,
0.878,
0.857,
0.855,
0.879,
0.862,
0.828,
0.856,
0.837,
0.883,
0.828,
0.921,
0.88,
0.846,
0.831,
0.845,
0.846,
0.874,
0.816,
0.884,
0.864,
0.891,
0.726,
0.891,
0.789,
0.866,
0.858,