0.073,
0.114,
0.073,
0.104,
0.094,
0.089,
0.087,
0.101,
0.074,
0.104,
0.132,
0.119,
0.132,
0.1,
0.118,
0.088,
0.07,
0.081,
0.097,
0.091,
0.08,
0.105,
0.099,
0.122,
0.068,
0.101,
0.04,
0.058,
0.088,
0.227,
0.07,
0.091,
0.115,
0.098,
0.102,
0.101,
0.081,
0.083,
0.07,
0.097,
0.102,
0.059,
0.081,
0.066,
0.088,
0.084,
0.102,
0.105,
0.091,
0.11,
0.111,
0.072,
0.078,
0.094,
0.081,
0.094,
0.086,
0.069,
0.103,
0.08,
0.119,
0.104,
0.122,
0.1,
0.104,
0.094,
0.103,
0.056,
0.065,
0.062,
0.123,
0.101,
0.083,
0.085,
0.083,
0.077,
0.13,
0.1,
0.101,
0.083,
0.072,
0.094,
0.112,
0.134,
0.102,
0.134,
0.138,
0.082,
0.12,
0.119,
0.065,
0.082,
0.067,
0.083,
0.1,
0.102,
0.099,
0.076,
0.06,
0.101,
0.128,
0.051,
0.057,
0.094,
0.145,
0.096,
0.121,
0.05,
0.123,
0.086,
0.12,
0.113,
0.095,
0.084,
0.111,
0.119,
0.093,
0.103,
0.083,
0.099,
0.069,
0.099,
0.066,
0.072,
0.07,
0.102,
0.094,
0.068,
0.121,
0.095,
0.123,
0.085,
0.07,
0.097,
0.075,
0.063,
0.054,
0.085,
0.08,
0.121,
0.065,
0.108,
0.09,
0.095,
0.101,
0.077,
0.11,
0.092,
0.065,
0.104,
0.117,
0.118,
0.084,
0.133,
0.09,
0.076,
0.077,
0.184,
0.073,
0.112,
0.124,
0.11,
0.078,
0.089,
0.102,
0.072,
0.049,
0.089,
0.072,
0.061,
