0.114,
0.074,
0.101,
0.103,
0.074,
0.11,
0.103,
0.104,
0.098,
0.227,
0.101,
0.137,
0.081,
0.132,
0.11,
0.119,
0.089,
0.103,
0.084,
0.075,
0.104,
0.088,
0.07,
0.081,
0.07,
0.095,
0.122,
0.073,
0.107,
0.102,
0.067,
0.087,
0.065,
0.115,
0.095,
0.058,
0.128,
0.068,
0.104,
0.082,
0.099,
0.104,
0.07,
0.07,
0.118,
0.08,
0.105,
0.091,
0.132,
0.066,
0.1,
0.102,
0.081,
0.055,
0.07,
0.069,
0.119,
0.093,
0.1,
0.095,
0.05,
0.082,
0.094,
0.084,
0.103,
0.094,
0.083,
0.114,
0.13,
0.078,
0.073,
0.07,
0.105,
0.085,
0.091,
0.127,
0.089,
0.102,
0.121,
0.088,
0.104,
0.13,
0.043,
0.082,
0.065,
0.068,
0.12,
0.118,
0.09,
0.07,
0.051,
0.104,
0.137,
0.121,
0.11,
0.088,
0.1,
0.125,
0.116,
0.073,
0.074,
0.067,
0.116,
0.125,
0.075,
0.072,
0.068,
0.118,
0.102,
0.06,
0.094,
0.111,
0.078,
0.142,
0.099,
0.125,
0.133,
0.116,
0.076,
0.117,
0.116,
0.12,
0.095,
0.117,
0.076,
0.068,
0.131,
0.123,
0.087,
0.068,
0.076,
0.067,
0.111,
0.101,
0.094,
0.088,
0.105,
0.084,
0.09,
0.083,
0.094,
0.056,
0.088,
0.104,
0.098,
0.109,
0.093,
0.064,
0.116,
0.057,
0.095,
0.063,
0.257,
0.077,
0.158,
0.097,
0.103,
