0.909,
0.866,
0.83,
0.843,
0.828,
0.88,
0.841,
0.821,
0.888,
0.851,
0.835,
0.823,
0.837,
0.833,
0.85,
0.825,
0.886,
0.833,
0.861,
0.867,
0.883,
0.864,
0.85,
0.819,
0.88,
0.855,
0.93,
0.905,
0.858,
0.752,
0.891,
0.819,
0.819,
0.846,
0.845,
0.848,
0.861,
0.838,
0.88,
0.866,
0.859,
0.851,
0.849,
0.863,
0.855,
0.876,
0.857,
0.828,
0.901,
0.846,
0.788,
0.888,
0.896,
0.882,
0.868,
0.835,
0.831,
0.876,
0.855,
0.881,
0.831,
0.849,
0.85,
0.862,
0.853,
0.838,
0.83,
0.921,
0.856,
0.84,
0.836,
0.85,
0.875,
0.875,
0.866,
0.863,
0.829,
0.848,
0.838,
0.84,
0.875,
0.845,
0.867,
0.806,
0.849,
0.821,
0.81,
0.911,
0.813,
0.831,
0.846,
0.851,
0.868,
0.839,
0.862,
0.878,
0.846,
0.847,
0.85,
0.845,
0.807,
0.882,
0.883,
0.829,
0.753,
0.868,
0.837,
0.925,
0.798,
0.842,
0.845,
0.85,
0.845,
0.871,
0.869,
0.844,
0.843,
0.875,
0.879,
0.849,
0.863,
0.817,
0.914,
0.889,
0.877,
0.864,
0.84,
0.871,
0.855,
0.902,
0.835,
0.899,
0.87,
0.861,
0.863,
0.904,
0.93,
0.833,
0.811,
0.842,
0.897,
0.825,
0.836,
0.821,
0.836,
0.856,
0.839,
0.827,
0.918,
0.846,
0.845,
0.868,
0.847,
0.807,
0.865,
0.897,
0.871,
0.779,
0.887,
0.857,
0.773,
0.809,
0.84,
0.826,
0.857,
0.886,
0.929,
0.835,
0.886,
0.905,
