0.018,
0.02,
0.097,
0.052,
0.078,
0.032,
0.072,
0.078,
0.038,
0.044,
0.033,
0.059,
0.031,
0.067,
0.032,
0.087,
0.044,
0.087,
0.042,
0.042,
0.037,
0.031,
0.05,
0.059,
0.052,
0.044,
0.031,
0.037,
0.054,
0.021,
0.04,
0.09,
0.066,
0.056,
0.053,
0.051,
0.059,
0.079,
0.05,
0.038,
0.039,
0.09,
0.07,
0.071,
0.057,
0.04,
0.041,
0.067,
0.008,
0.044,
0.101,
0.04,
0.026,
0.024,
0.051,
0.072,
0.083,
0.055,
0.043,
0.039,
0.05,
0.047,
0.028,
0.038,
0.043,
0.068,
0.067,
0.023,
0.079,
0.098,
0.041,
0.048,
0.043,
0.04,
0.052,
0.06,
0.041,
0.052,
0.061,
0.077,
0.054,
0.061,
0.021,
0.06,
0.049,
0.045,
0.052,
0.008,
0.067,
0.05,
0.089,
0.067,
0.065,
0.078,
0.038,
0.02,
0.055,
0.077,
0.09,
0.054,
0.065,
0.067,
0.061,
0.078,
0.103,
0.036,
0.042,
0.024,
0.078,
0.072,
0.035,
0.037,
0.06,
0.045,
0.02,
0.037,
0.064,
0.022,
0.038,
0.052,
0.068,
0.085,
0.021,
0.039,
0.053,
0.034,
0.066,
0.061,
0.024,
0.003,
0.042,
0.016,
0.06,
0.043,
0.062,
0.033,
0.015,
0.081,
0.109,
0.036,
0.037,
0.066,
0.074,
0.085,
0.063,
0.067,
0.051,
0.08,
0.017,
0.05,
0.038,
0.014,
0.069,
0.061,
0.045,
0.027,
0.051,
0.037,
0.04,
0.03,
0.103,
0.082,
0.083,
0.084,
0.041,
0.042,
0.022,
0.076,
0.041,
0.034,
