0.132,
0.1,
0.09,
0.124,
0.126,
0.104,
0.153,
0.065,
0.111,
0.117,
0.078,
0.118,
0.103,
0.112,
0.106,
0.07,
0.109,
0.117,
0.07,
0.106,
0.136,
0.116,
0.084,
0.123,
0.082,
0.067,
0.136,
0.186,
0.115,
0.095,
0.111,
0.111,
0.129,
0.108,
0.127,
0.0,
0.119,
0.1,
0.079,
0.061,
0.085,
0.057,
0.121,
0.091,
0.047,
0.14,
0.114,
0.224,
0.11,
0.068,
0.071,
0.091,
0.118,
0.129,
0.046,
0.082,
0.097,
0.108,
0.065,
0.079,
0.118,
0.095,
0.097,
0.077,
0.077,
0.092,
0.078,
0.171,
0.133,
0.086,
0.114,
0.045,
0.087,
0.104,
0.106,
0.109,
0.127,
0.105,
0.057,
0.041,
0.041,
0.118,
0.096,
0.067,
0.034,
0.119,
0.049,
0.107,
0.081,
0.07,
0.089,
0.071,
0.105,
0.078,
0.138,
0.116,
0.072,
0.058,
0.086,
0.089,
0.127,
0.07,
0.135,
0.095,
0.09,
0.094,
0.107,
0.123,
0.076,
0.11,
0.228,
0.111,
0.125,
0.061,
0.103,
0.093,
0.087,
0.017,
0.095,
0.07,
0.055,
0.102,
0.092,
0.078,
0.11,
0.111,
0.086,
0.11,
0.089,
0.067,
0.113,
0.11,
0.092,
0.091,
0.122,
0.11,
0.106,
0.105,
0.097,
0.109,
0.108,
0.116,
0.068,
0.129,
0.085,
0.104,
0.161,
0.056,
0.154,
0.089,
0.128,
0.119,
0.116,
0.114,
0.114,
0.075,
0.133,
0.1,
0.147,
0.122,
0.067,
0.128,
