0.824,
0.799,
0.843,
0.821,
0.87,
0.79,
0.81,
0.837,
0.884,
0.824,
0.822,
0.891,
0.831,
0.839,
0.862,
0.888,
0.85,
0.826,
0.83,
0.834,
0.85,
0.864,
0.905,
0.817,
0.885,
0.911,
0.819,
0.824,
0.826,
0.848,
0.863,
0.831,
0.86,
0.795,
0.884,
0.827,
0.853,
0.826,
0.82,
0.859,
0.838,
0.824,
0.871,
0.757,
0.858,
0.845,
0.938,
0.914,
0.831,
0.88,
0.884,
0.87,
0.789,
0.811,
0.87,
0.857,
0.791,
0.904,
0.807,
0.806,
0.946,
0.879,
0.913,
0.835,
0.865,
0.825,
0.879,
0.81,
0.804,
0.862,
0.86,
0.86,
0.877,
0.807,
0.866,
0.826,
0.854,
0.816,
0.873,
0.788,
0.854,
0.858,
0.86,
0.866,
0.844,
0.819,
0.9,
0.9,
0.877,
0.804,
0.844,
0.817,
0.837,
0.831,
0.769,
0.847,
0.79,
0.876,
0.95,
0.813,
0.835,
0.877,
0.841,
0.825,
0.856,
0.961,
0.81,
0.892,
0.831,
0.901,
0.872,
0.843,
0.843,
0.821,
0.83,
0.9,
0.78,
0.867,
0.825,
0.832,
0.881,
0.818,
0.872,
0.879,
0.831,
0.815,
0.907,
0.832,
0.849,
0.822,
0.814,
0.869,
0.918,
0.847,
0.854,
0.947,
0.848,
0.857,
0.864,
0.796,
0.814,
0.844,
0.86,
0.823,
0.821,
0.833,
0.95,
0.91,
0.881,
0.903,
0.878,
0.877,
0.868,
0.83,
0.861,
0.918,
0.85,
0.887,
0.819,
0.885,
0.871,
0.851,
0.925,
0.91,
0.917,
0.822,
