0.79,
0.864,
0.87,
0.789,
0.799,
0.843,
0.81,
0.884,
0.877,
0.824,
0.888,
0.834,
0.857,
0.804,
0.821,
0.891,
0.85,
0.826,
0.905,
0.858,
0.817,
0.83,
0.87,
0.831,
0.86,
0.914,
0.82,
0.795,
0.819,
0.885,
0.838,
0.824,
0.824,
0.822,
0.816,
0.759,
0.826,
0.848,
0.834,
0.864,
0.87,
0.884,
0.853,
0.867,
0.913,
0.811,
0.839,
0.757,
0.81,
0.88,
0.901,
0.862,
0.819,
0.79,
0.922,
0.843,
0.773,
0.831,
0.874,
0.844,
0.821,
0.845,
0.854,
0.9,
0.9,
0.827,
0.833,
0.788,
0.807,
0.862,
0.819,
0.938,
0.88,
0.826,
0.803,
0.826,
0.763,
0.873,
0.903,
0.946,
0.946,
0.806,
0.87,
0.879,
0.961,
0.835,
0.918,
0.832,
0.856,
0.918,
0.879,
0.877,
0.821,
0.826,
0.817,
0.795,
0.904,
0.857,
0.88,
0.871,
0.835,
0.891,
0.782,
0.813,
0.854,
0.877,
0.845,
0.83,
0.83,
0.803,
0.749,
0.844,
0.804,
0.86,
0.85,
0.864,
0.866,
0.95,
0.86,
0.843,
0.925,
0.866,
0.836,
0.89,
0.864,
0.831,
0.887,
0.814,
0.824,
0.881,
0.831,
0.843,
0.82,
0.866,
0.819,
0.843,
0.817,
0.843,
0.844,
0.835,
0.868,
0.848,
0.847,
0.78,
0.848,
0.824,
0.796,
0.927,
0.803,
0.838,
0.831,
0.847,
0.857,
0.82,
0.817,
0.91,
0.825,
0.776,
0.769,
0.819,
0.868,
0.795,
