0.051,
0.063,
0.027,
0.058,
0.009,
0.069,
0.02,
0.032,
0.044,
0.044,
0.073,
0.131,
0.131,
0.006,
0.066,
0.061,
0.041,
0.0,
0.132,
0.132,
0.024,
0.043,
0.058,
0.026,
0.088,
0.064,
0.044,
0.047,
0.027,
0.027,
0.052,
0.06,
0.061,
0.058,
0.019,
0.019,
0.0,
0.026,
0.054,
0.068,
0.028,
0.027,
0.026,
0.026,
0.06,
0.023,
0.038,
0.038,
0.031,
0.057,
0.026,
0.086,
0.019,
0.036,
0.033,
0.0,
0.0,
0.029,
0.042,
0.071,
0.039,
0.065,
0.078,
0.063,
0.057,
0.052,
0.048,
0.061,
0.094,
0.059,
0.08,
0.062,
0.104,
0.027,
0.011,
0.092,
0.0,
0.017,
0.034,
0.024,
0.008,
0.065,
0.031,
0.054,
0.041,
0.074,
0.085,
0.048,
0.07,
0.046,
0.051,
0.027,
0.06,
0.055,
0.077,
0.061,
0.027,
0.053,
0.089,
0.05,
0.076,
0.063,
0.052,
0.035,
0.034,
0.033,
0.045,
0.066,
0.045,
0.06,
0.051,
0.063,
0.056,
0.048,
0.028,
0.059,
0.094,
0.052,
0.064,
0.072,
0.047,
0.08,
0.061,
0.037,
0.032,
0.025,
0.064,
0.02,
0.064,
0.057,
0.028,
0.031,
0.049,
0.046,
0.064,
0.026,
0.027,
0.015,
