0.86,
0.903,
0.866,
0.884,
0.858,
0.92,
0.832,
0.861,
0.94,
0.94,
0.852,
0.821,
0.819,
0.851,
0.851,
0.918,
0.83,
0.849,
0.945,
0.793,
0.845,
0.767,
0.926,
0.872,
0.817,
1.0,
0.884,
0.85,
0.829,
0.887,
0.849,
0.904,
0.845,
0.846,
0.843,
0.917,
0.937,
0.937,
0.828,
0.85,
0.849,
0.837,
0.848,
0.849,
0.839,
0.827,
0.835,
0.803,
0.909,
0.909,
0.806,
0.845,
0.901,
0.846,
0.867,
0.827,
0.843,
1.0,
0.887,
0.891,
0.734,
0.858,
0.866,
0.891,
0.928,
0.907,
0.807,
0.86,
0.908,
0.846,
0.906,
0.849,
0.9,
0.899,
0.845,
0.93,
0.925,
0.862,
0.847,
0.831,
0.86,
0.836,
0.867,
0.914,
0.852,
0.83,
0.802,
0.91,
0.896,
0.87,
0.887,
0.861,
0.861,
0.856,
0.849,
0.847,
0.826,
0.799,
0.821,
0.868,
0.814,
0.903,
0.863,
0.896,
0.861,
0.89,
0.848,
0.861,
0.9,
0.874,
0.859,
0.898,
0.848,
0.915,
0.904,
0.831,
0.826,
0.833,
0.867,
0.849,
0.825,
0.85,
0.796,
0.821,
0.885,
0.862,
0.839,
0.866,
0.811,
0.791,
0.936,
0.904,
0.883,
0.843,
