0.903,
0.86,
0.832,
0.859,
0.945,
0.799,
0.92,
0.866,
0.94,
0.94,
0.828,
0.851,
0.851,
0.831,
0.819,
0.822,
0.891,
1.0,
0.861,
0.861,
0.918,
0.849,
0.767,
0.917,
0.785,
0.821,
0.858,
0.872,
0.845,
0.845,
0.848,
0.887,
0.807,
0.831,
0.909,
0.909,
0.849,
0.862,
0.891,
0.869,
0.837,
0.846,
0.849,
0.925,
0.884,
0.901,
0.867,
0.887,
0.928,
0.904,
0.827,
0.817,
0.87,
0.861,
0.851,
0.866,
1.0,
0.91,
0.899,
0.806,
0.884,
0.865,
0.83,
0.829,
0.844,
0.846,
0.86,
0.827,
0.734,
0.819,
0.835,
0.861,
0.773,
0.9,
0.89,
0.802,
0.803,
0.926,
0.898,
0.857,
0.907,
0.826,
0.85,
0.858,
0.862,
0.784,
0.837,
0.848,
0.823,
0.839,
0.84,
0.845,
0.858,
0.87,
0.856,
0.806,
0.847,
0.856,
0.81,
0.81,
0.83,
0.833,
0.851,
0.908,
0.84,
0.852,
0.85,
0.828,
0.863,
0.835,
0.867,
0.81,
0.817,
0.767,
0.878,
0.819,
0.831,
0.828,
0.817,
0.831,
0.85,
0.818,
0.814,
0.848,
0.851,
0.89,
0.811,
0.91,
0.848,
0.852,
0.847,
0.887,
0.846,
0.878,
0.834,
0.849,
0.888,
0.935,
