0.03,
0.089,
0.039,
0.052,
0.066,
0.04,
0.042,
0.076,
0.062,
0.021,
0.022,
0.015,
0.037,
0.024,
0.032,
0.043,
0.058,
0.02,
0.038,
0.097,
0.061,
0.047,
0.019,
0.008,
0.045,
0.045,
0.022,
0.069,
0.07,
0.021,
0.032,
0.036,
0.036,
0.041,
0.052,
0.032,
0.066,
0.061,
0.061,
0.076,
0.077,
0.015,
0.027,
0.056,
0.064,
0.069,
0.048,
0.023,
0.013,
0.047,
0.052,
0.06,
0.049,
0.082,
0.06,
0.028,
0.034,
0.027,
0.04,
0.044,
0.055,
0.021,
0.043,
0.022,
0.043,
0.03,
0.089,
0.052,
0.049,
0.025,
0.074,
0.051,
0.026,
0.066,
0.093,
0.051,
0.027,
0.062,
0.054,
0.026,
0.061,
0.027,
0.034,
0.005,
0.065,
0.055,
0.082,
0.026,
0.045,
0.029,
0.049,
0.022,
0.034,
0.039,
0.054,
0.069,
0.072,
0.016,
0.013,
0.026,
0.076,
0.065,
0.052,
0.033,
0.042,
0.058,
0.037,
0.01,
0.054,
0.022,
0.072,
0.069,
0.049,
0.061,
0.058,
0.042,
0.014,
0.051,
0.11,
0.089,
0.028,
0.027,
0.027,
0.026,
0.026,
0.076,
0.013,
0.049,
0.027,
0.028,
0.044,
0.063,
0.08,
0.052,
0.063,
0.058,
0.024,
0.04,
0.08,
0.071,
0.034,
0.059,
0.067,
0.0,
0.024,
0.024,
0.055,
0.075,
0.028,
0.0,
0.047,
0.047,
0.046,
0.083,
0.029,
0.059,
0.074,
0.057,
0.027,
0.028,
0.027,
0.033,
0.09,
0.036,
0.036,
0.012,
0.04,
0.058,
0.036,
0.081,
0.041,
0.027,
0.059,
0.058,
