0.075,
0.044,
0.121,
0.087,
0.137,
0.123,
0.138,
0.119,
0.09,
0.061,
0.073,
0.138,
0.102,
0.082,
0.106,
0.067,
0.202,
0.076,
0.075,
0.079,
0.084,
0.089,
0.101,
0.108,
0.1,
0.066,
0.083,
0.098,
0.122,
0.071,
0.077,
0.074,
0.109,
0.122,
0.122,
0.086,
0.094,
0.09,
0.076,
0.13,
0.097,
0.103,
0.087,
0.07,
0.083,
0.077,
0.087,
0.104,
0.065,
0.082,
0.111,
0.085,
0.064,
0.07,
0.128,
0.17,
0.094,
0.098,
0.073,
0.058,
0.119,
0.144,
0.115,
0.078,
0.128,
0.108,
0.108,
0.057,
0.092,
0.039,
0.126,
0.096,
0.074,
0.069,
0.112,
0.127,
0.131,
0.092,
0.056,
0.102,
0.111,
0.089,
0.101,
0.131,
0.097,
0.092,
0.105,
0.128,
0.132,
0.111,
0.052,
0.094,
0.066,
0.11,
0.135,
0.123,
0.078,
0.054,
0.11,
0.108,
0.126,
0.132,
0.129,
0.129,
0.055,
0.089,
0.076,
0.073,
0.057,
0.056,
0.113,
0.128,
0.099,
0.099,
0.112,
0.053,
0.066,
0.055,
0.097,
0.085,
0.133,
0.108,
0.129,
0.132,
0.082,
0.113,
0.045,
0.138,
0.13,
0.084,
0.119,
0.095,
0.092,
0.068,
0.102,
0.109,
0.082,
0.067,
0.117,
0.111,
0.068,
0.136,
0.081,
0.082,
0.102,
0.107,
0.056,
0.108,
0.077,
0.075,
0.076,
0.098,
0.093,
0.126,
0.114,
0.043,
0.07,
0.118,
0.119,
0.135,
0.168,
0.066,
0.082,
0.106,
0.1,
0.116,
0.091,
0.078,
0.092,
0.127,
0.129,
0.118,
0.081,
0.16,
