0.881,
0.909,
0.819,
0.852,
0.775,
0.835,
0.822,
0.841,
0.829,
0.924,
0.851,
0.832,
0.864,
0.869,
0.849,
0.901,
0.776,
0.881,
0.842,
0.901,
0.859,
0.887,
0.863,
0.838,
0.848,
0.893,
0.849,
0.823,
0.844,
0.9,
0.842,
0.885,
0.802,
0.854,
0.854,
0.892,
0.857,
0.89,
0.865,
0.772,
0.873,
0.826,
0.877,
0.855,
0.866,
0.892,
0.857,
0.822,
0.869,
0.875,
0.867,
0.872,
0.899,
0.915,
0.822,
0.813,
0.869,
0.833,
0.865,
0.904,
0.813,
0.778,
0.819,
0.879,
0.798,
0.825,
0.839,
0.884,
0.878,
0.909,
0.826,
0.867,
0.882,
0.917,
0.839,
0.847,
0.842,
0.864,
0.926,
0.863,
0.858,
0.874,
0.845,
0.841,
0.87,
0.827,
0.754,
0.845,
0.841,
0.817,
0.911,
0.83,
0.891,
0.839,
0.841,
0.845,
0.896,
0.943,
0.814,
0.839,
0.853,
0.841,
0.844,
0.844,
0.915,
0.835,
0.854,
0.917,
0.873,
0.923,
0.807,
0.806,
0.846,
0.836,
0.853,
0.911,
0.921,
0.919,
0.864,
0.908,
0.807,
0.819,
0.844,
0.84,
0.888,
0.85,
0.926,
0.804,
0.824,
0.86,
0.845,
0.848,
0.789,
0.913,
0.884,
0.815,
0.844,
0.889,
0.862,
0.847,
0.9,
0.798,
0.842,
0.822,
0.845,
0.829,
0.868,
0.862,
0.88,
0.828,
0.83,
0.875,
0.838,
0.838,
0.863,
0.944,
0.817,
0.821,
0.852,
0.853,
0.8,
0.911,
0.878,
0.836,
0.835,
0.838,
0.888,
0.861,
0.825,
0.799,
0.849,
0.794,
0.853,
0.786,
