0.02,
0.018,
0.008,
0.048,
0.038,
0.031,
0.054,
0.052,
0.045,
0.021,
0.045,
0.077,
0.07,
0.033,
0.044,
0.059,
0.032,
0.067,
0.041,
0.011,
0.059,
0.087,
0.0,
0.09,
0.044,
0.032,
0.059,
0.097,
0.031,
0.008,
0.041,
0.072,
0.079,
0.066,
0.052,
0.037,
0.065,
0.068,
0.044,
0.052,
0.075,
0.063,
0.053,
0.04,
0.032,
0.048,
0.024,
0.039,
0.031,
0.021,
0.067,
0.026,
0.059,
0.032,
0.05,
0.062,
0.05,
0.023,
0.052,
0.07,
0.024,
0.09,
0.068,
0.04,
0.062,
0.03,
0.038,
0.052,
0.041,
0.075,
0.063,
0.06,
0.031,
0.04,
0.008,
0.028,
0.052,
0.041,
0.025,
0.057,
0.016,
0.099,
0.042,
0.058,
0.032,
0.057,
0.03,
0.076,
0.054,
0.045,
0.02,
0.043,
0.027,
0.063,
0.042,
0.031,
0.071,
0.037,
0.038,
0.051,
0.042,
0.078,
0.086,
0.035,
0.062,
0.039,
0.052,
0.014,
0.041,
0.014,
0.078,
0.049,
0.085,
0.077,
0.035,
0.043,
0.06,
0.075,
0.027,
0.05,
0.051,
0.049,
0.06,
0.059,
0.091,
0.017,
0.052,
0.042,
0.045,
0.039,
0.044,
0.055,
0.031,
0.044,
0.027,
0.049,
0.067,
0.06,
0.073,
0.035,
0.078,
0.023,
0.032,
0.05,
0.071,
0.046,
0.061,
0.062,
0.068,
0.06,
0.041,
0.046,
0.017,
0.032,
0.054,
0.038,
0.039,
