0.064,
0.075,
0.053,
0.074,
0.04,
0.078,
0.037,
0.08,
0.051,
0.06,
0.07,
0.039,
0.047,
0.046,
0.047,
0.034,
0.053,
0.057,
0.055,
0.048,
0.041,
0.036,
0.024,
0.048,
0.019,
0.022,
0.066,
0.082,
0.055,
0.052,
0.04,
0.061,
0.058,
0.019,
0.06,
0.08,
0.026,
0.095,
0.044,
0.018,
0.051,
0.047,
0.04,
0.019,
0.036,
0.06,
0.017,
0.019,
0.058,
0.034,
0.04,
0.045,
0.087,
0.049,
0.046,
0.04,
0.094,
0.024,
0.061,
0.076,
0.012,
0.033,
0.04,
0.076,
0.037,
0.042,
0.014,
0.094,
0.084,
0.015,
0.035,
0.078,
0.012,
0.101,
0.047,
0.065,
0.049,
0.057,
0.023,
0.042,
0.056,
0.009,
0.045,
0.032,
0.077,
0.059,
0.024,
0.024,
0.051,
0.071,
0.045,
0.045,
0.051,
0.056,
0.083,
0.034,
0.081,
0.052,
0.034,
0.092,
0.038,
0.03,
0.057,
0.052,
0.063,
0.005,
0.08,
0.047,
0.032,
0.028,
0.022,
0.086,
0.071,
0.07,
0.047,
0.053,
0.084,
0.031,
0.053,
0.061,
0.052,
0.086,
0.04,
0.054,
0.072,
0.047,
0.022,
0.052,
0.052,
0.102,
0.076,
0.032,
0.012,
0.048,
0.068,
0.018,
0.049,
0.028,
0.041,
0.043,
0.076,
0.042,
0.031,
0.047,
0.074,
0.063,
0.0,
0.011,
0.058,
0.041,
0.034,
0.013,
0.065,
0.094,
0.047,
0.032,
0.047,
0.027,
0.059,
0.044,
0.022,
0.054,
0.02,
0.015,
0.008,
0.077,
