0.078,
0.036,
0.04,
0.087,
0.075,
0.053,
0.037,
0.051,
0.012,
0.06,
0.034,
0.048,
0.04,
0.084,
0.074,
0.039,
0.041,
0.057,
0.024,
0.036,
0.048,
0.055,
0.046,
0.047,
0.058,
0.019,
0.044,
0.019,
0.066,
0.019,
0.051,
0.064,
0.047,
0.07,
0.057,
0.241,
0.055,
0.052,
0.087,
0.075,
0.045,
0.06,
0.026,
0.041,
0.04,
0.049,
0.046,
0.019,
0.08,
0.052,
0.028,
0.047,
0.063,
0.081,
0.032,
0.075,
0.13,
0.061,
0.061,
0.077,
0.061,
0.06,
0.049,
0.024,
0.024,
0.08,
0.089,
0.042,
0.061,
0.052,
0.067,
0.017,
0.033,
0.07,
0.091,
0.065,
0.11,
0.023,
0.04,
0.012,
0.012,
0.076,
0.034,
0.054,
0.005,
0.046,
0.033,
0.061,
0.063,
0.012,
0.033,
0.051,
0.074,
0.095,
0.045,
0.089,
0.024,
0.085,
0.034,
0.04,
0.038,
0.039,
0.083,
0.092,
0.056,
0.03,
0.049,
0.047,
0.094,
0.086,
0.023,
0.045,
0.071,
0.078,
0.047,
0.043,
0.047,
0.034,
0.045,
0.086,
0.02,
0.032,
0.072,
0.032,
0.026,
0.058,
0.027,
0.076,
0.087,
0.052,
0.056,
0.047,
0.088,
0.043,
0.059,
0.047,
0.076,
0.052,
0.06,
0.057,
0.023,
0.036,
0.085,
0.091,
0.067,
0.072,
0.043,
0.017,
0.043,
0.073,
0.041,
0.034,
0.028,
0.066,
0.07,
0.015,
0.042,
0.124,
0.083,
0.059,
0.065,
0.077,
