0.063,
0.051,
0.032,
0.039,
0.059,
0.02,
0.027,
0.062,
0.044,
0.044,
0.057,
0.064,
0.066,
0.131,
0.131,
0.024,
0.076,
0.043,
0.009,
0.022,
0.027,
0.058,
0.017,
0.047,
0.054,
0.0,
0.06,
0.05,
0.063,
0.05,
0.025,
0.057,
0.027,
0.027,
0.05,
0.026,
0.048,
0.048,
0.065,
0.031,
0.026,
0.028,
0.052,
0.0,
0.046,
0.062,
0.08,
0.055,
0.019,
0.019,
0.071,
0.071,
0.041,
0.054,
0.038,
0.026,
0.053,
0.0,
0.038,
0.041,
0.094,
0.044,
0.0,
0.054,
0.031,
0.008,
0.061,
0.044,
0.035,
0.052,
0.031,
0.048,
0.033,
0.042,
0.027,
0.011,
0.026,
0.026,
0.053,
0.058,
0.033,
0.027,
0.051,
0.019,
0.033,
0.059,
0.092,
0.029,
0.032,
0.032,
0.043,
0.132,
0.132,
0.053,
0.026,
0.027,
0.065,
0.069,
0.058,
0.105,
0.116,
0.029,
0.05,
0.029,
0.036,
0.025,
0.064,
0.062,
0.027,
0.024,
0.027,
0.008,
0.048,
0.039,
0.024,
0.072,
0.083,
0.063,
0.05,
0.072,
0.029,
0.047,
0.097,
0.076,
0.025,
0.016,
0.057,
0.015,
0.0,
0.084,
0.007,
0.009,
0.022,
0.057,
