0.078,
0.046,
0.102,
0.077,
0.082,
0.061,
0.142,
0.078,
0.017,
0.017,
0.091,
0.115,
0.115,
0.018,
0.018,
0.058,
0.094,
0.109,
0.046,
0.185,
0.127,
0.175,
0.058,
0.081,
0.129,
0.0,
0.057,
0.1,
0.108,
0.063,
0.125,
0.039,
0.128,
0.127,
0.106,
0.056,
0.015,
0.015,
0.107,
0.119,
0.125,
0.135,
0.1,
0.151,
0.115,
0.111,
0.085,
0.143,
0.072,
0.072,
0.122,
0.084,
0.058,
0.101,
0.095,
0.147,
0.103,
0.0,
0.075,
0.068,
0.171,
0.098,
0.134,
0.055,
0.04,
0.086,
0.133,
0.096,
0.057,
0.103,
0.063,
0.103,
0.067,
0.058,
0.128,
0.059,
0.049,
0.112,
0.1,
0.111,
0.106,
0.136,
0.082,
0.067,
0.115,
0.112,
0.106,
0.061,
0.073,
0.098,
0.07,
0.007,
0.007,
0.091,
0.125,
0.126,
0.109,
0.132,
0.121,
0.028,
0.07,
0.068,
0.087,
0.076,
0.103,
0.086,
0.088,
0.078,
0.073,
0.102,
0.114,
0.094,
0.103,
0.046,
0.071,
0.097,
0.092,
0.104,
0.083,
0.079,
0.146,
0.103,
0.107,
0.102,
0.089,
0.122,
0.104,
0.119,
0.189,
0.125,
0.058,
0.087,
0.095,
0.1,
