0.046,
0.078,
0.142,
0.083,
0.046,
0.132,
0.061,
0.102,
0.017,
0.017,
0.098,
0.018,
0.018,
0.164,
0.115,
0.117,
0.068,
0.0,
0.007,
0.007,
0.058,
0.109,
0.175,
0.056,
0.127,
0.115,
0.098,
0.081,
0.128,
0.127,
0.1,
0.054,
0.133,
0.111,
0.072,
0.072,
0.151,
0.112,
0.055,
0.063,
0.135,
0.127,
0.125,
0.049,
0.057,
0.076,
0.095,
0.075,
0.04,
0.039,
0.147,
0.097,
0.112,
0.103,
0.116,
0.134,
0.0,
0.061,
0.058,
0.122,
0.077,
0.07,
0.092,
0.108,
0.099,
0.103,
0.092,
0.111,
0.171,
0.122,
0.085,
0.078,
0.123,
0.073,
0.098,
0.106,
0.197,
0.058,
0.069,
0.119,
0.086,
0.109,
0.119,
0.088,
0.097,
0.142,
0.078,
0.103,
0.108,
0.115,
0.11,
0.128,
0.081,
0.075,
0.068,
0.133,
0.126,
0.091,
0.101,
0.141,
0.094,
0.104,
0.097,
0.057,
0.126,
0.115,
0.105,
0.106,
0.091,
0.105,
0.082,
0.127,
0.127,
0.184,
0.094,
0.122,
0.075,
0.12,
0.118,
0.097,
0.103,
0.102,
0.125,
0.115,
0.116,
0.086,
0.125,
0.07,
0.088,
0.091,
0.125,
0.082,
0.106,
0.076,
0.102,
0.125,
0.085,
0.05,
